1.8556	0.2255
1.8295	0.2414
1.8239	0.2457
1.8194	0.247
1.8147	0.2476
1.8057	0.2473
1.7928	0.2507
1.7589	0.2824
1.6941	0.3294
1.598	0.3749
1.5334	0.4049
1.4818	0.4243
1.4324	0.4418
1.3907	0.4632
1.345	0.48
1.2987	0.5002
1.2615	0.5189
1.2126	0.5363
1.181	0.549
1.1378	0.5668
1.0884	0.5906
1.0422	0.6092
0.9972	0.6275
0.941	0.6478
0.8849	0.6719
0.8234	0.6972
0.7621	0.7211
0.6877	0.7479
0.6082	0.7784
0.5253	0.8124
0.454	0.839
0.3726	0.8717
0.3094	0.8929
0.2355	0.9213
0.1989	0.9334
0.1674	0.9442
0.1391	0.9569
0.1107	0.9661
0.0942	0.9726
0.0961	0.9705
0.0867	0.9738
0.0799	0.9763
0.0799	0.9759
0.0719	0.9795
0.061	0.9834
0.0577	0.9842
0.0642	0.9818
0.0554	0.9838
0.0581	0.9839
0.0626	0.9816
0.0529	0.9842
0.0557	0.986
0.0484	0.9859
0.0557	0.9836
0.0474	0.9858
0.0518	0.9847
0.0372	0.9893
0.0509	0.9857
0.0505	0.9848
0.0472	0.9865
0.0499	0.9855
0.0384	0.989
0.0348	0.99
0.034	0.99
0.0428	0.9872
0.0487	0.9855
0.0317	0.9901
0.0362	0.9896
0.0341	0.9899
0.0329	0.9905
0.0315	0.9904
0.0358	0.9887
0.03	0.9911
0.0239	0.993
0.0417	0.9868
0.0281	0.9919
0.033	0.9896
0.0331	0.991
0.0244	0.9928
0.0342	0.9892
0.0316	0.9904
0.0259	0.9922
0.0283	0.9911
0.0208	0.9932
0.0297	0.9909
0.0342	0.9896
0.0206	0.9937
0.0355	0.9892
0.0203	0.9936
0.03	0.9907
0.0276	0.9916
0.0276	0.9912
0.0204	0.9939
0.0219	0.9927
0.0179	0.9946
0.025	0.9922
0.0254	0.9923
0.0332	0.9902
0.0253	0.9921
0.0222	0.9934
0.0237	0.993
0.02	0.9938
0.0145	0.9951
0.0224	0.9926
0.0325	0.99
0.0149	0.995
0.0215	0.9925
0.0222	0.9927
0.0257	0.9916
0.0177	0.9937
0.0167	0.9947
0.0216	0.9934
0.0197	0.9936
0.0187	0.9941
0.0181	0.9945
0.0133	0.9953
0.022	0.9926
0.0202	0.9939
0.018	0.9945
0.0185	0.9943
0.0178	0.9948
0.0166	0.995
0.022	0.9927
0.0167	0.9945
0.0179	0.9945
0.023	0.9926
0.015	0.9952
0.0108	0.9958
0.0127	0.9954
0.0319	0.9906
0.0189	0.9939
0.0169	0.995
0.0183	0.9952
0.0175	0.9943
0.0162	0.9942
0.0164	0.9948
0.0198	0.9938
0.0162	0.9945
0.014	0.9949
0.0094	0.9966
0.0118	0.9955
0.0239	0.9919
0.0168	0.9946
0.0164	0.9945
0.013	0.9952
0.0192	0.9935
0.0133	0.9959
0.0132	0.9954
0.013	0.9954
0.0195	0.9941
0.0227	0.9931
0.0177	0.9946
0.0175	0.9942
0.0146	0.9952
0.0111	0.9957
0.0136	0.9957
0.0112	0.9962
0.0179	0.9944
0.0129	0.9952
0.0156	0.995
0.0141	0.9954
0.014	0.9956
0.0141	0.9956
0.0083	0.9967
0.0122	0.9959
0.0154	0.9945
0.0169	0.9951
0.0162	0.9947
0.0086	0.9964
0.0139	0.9956
0.0161	0.9946
0.0166	0.9947
0.0102	0.996
0.0082	0.9971
0.0089	0.9963
0.0175	0.9945
0.0184	0.9942
0.014	0.9954
0.0141	0.9949
0.013	0.9954
0.0157	0.995
0.0148	0.9956
0.0119	0.9961
0.0094	0.9969
0.0107	0.9958
0.0178	0.9942
0.0108	0.9959
0.0075	0.9968
0.0077	0.9971
0.0153	0.9949
0.0186	0.9946
0.0155	0.9957
0.0088	0.9963
0.0162	0.9951
0.0095	0.9965
0.009	0.9965
0.0107	0.9962
0.0211	0.9932
0.0166	0.9949
0.0099	0.9961
0.0147	0.9954
0.0116	0.9961
0.0101	0.9963
0.0082	0.9967
0.0091	0.9965
0.0069	0.9972
0.0114	0.9955
0.0149	0.9946
0.0076	0.9968
0.0112	0.9962
0.0095	0.9962
0.0069	0.9968
0.0082	0.9964
0.015	0.9953
0.0122	0.996
0.0074	0.9968
0.0165	0.9941
0.0145	0.9955
0.0108	0.9961
0.0071	0.9972
0.0114	0.9959
0.013	0.9956
0.008	0.9968
0.0077	0.9971
0.0127	0.9957
0.0152	0.9949
0.017	0.9938
0.0097	0.9964
0.0072	0.9968
0.0084	0.9964
0.0102	0.9965
0.0133	0.9958
0.0091	0.9963
0.0086	0.9966
0.006	0.9973
0.0099	0.9965
0.0135	0.9953
0.0128	0.9956
0.0119	0.9959
0.01	0.9964
0.0097	0.9965
0.0079	0.9969
0.0099	0.9963
0.0118	0.9966
0.0096	0.9967
0.0112	0.9961
0.0078	0.9969
0.009	0.9965
0.0081	0.9968
0.015	0.9951
0.0148	0.996
0.0097	0.9967
0.0118	0.9962
0.0106	0.9965
0.0117	0.9962
0.0105	0.9963
0.0093	0.9963
0.0095	0.9966
0.0095	0.9966
0.0093	0.9969
0.0086	0.9967
0.0074	0.9972
0.0083	0.9967
0.011	0.9958
0.0129	0.9957
0.0074	0.9972
0.0063	0.997
0.0079	0.9968
0.0142	0.9953
0.0143	0.9953
0.0086	0.9965
0.0121	0.9959
0.0085	0.9969
0.0051	0.9976
0.0064	0.9971
0.0104	0.9965
0.0122	0.9958
0.0096	0.9967
0.0072	0.9974
0.0076	0.997
0.0117	0.9961
0.009	0.9969
0.0081	0.9968
0.0093	0.997
0.0112	0.9965
0.0076	0.9972
0.0093	0.9963
0.012	0.9957
0.0091	0.9969
0.0059	0.9972
0.009	0.9966
0.0124	0.9957
0.0057	0.9974
0.0086	0.9968
0.0105	0.9961
0.0074	0.997
0.0094	0.9966
0.0087	0.9965
0.01	0.9963
0.0081	0.9966
0.0069	0.9974
0.0099	0.9967
0.0082	0.9971
0.0114	0.9963
0.0121	0.9961
0.0075	0.9968
0.0069	0.9972
0.0114	0.9961
0.0087	0.9966
0.0058	0.9974
0.0112	0.9962
0.0149	0.995
0.0133	0.9964
0.0092	0.9972
0.0057	0.9975
0.0061	0.9973
0.0072	0.9972
0.011	0.996
0.0093	0.9965
0.0059	0.9975
0.0051	0.9973
0.0109	0.9964
0.007	0.9974
0.0102	0.9965
0.0069	0.9972
0.0085	0.9968
0.0079	0.9973
0.0095	0.9964
0.0064	0.9974
0.0058	0.9975
0.0062	0.9972
0.0078	0.9971
0.0097	0.9967
0.0087	0.9966
0.0048	0.9979
0.0078	0.9967
0.0068	0.9971
0.0074	0.9972
0.0082	0.9966
0.006	0.9973
0.0083	0.9971
0.008	0.9972
0.0057	0.9973
0.0069	0.9971
0.0107	0.996
0.0106	0.9964
0.0092	0.9965
0.0105	0.9966
0.0067	0.9972
0.0068	0.9972
0.0063	0.9973
0.0066	0.9972
0.0066	0.9971
0.0063	0.9976
0.0075	0.9973
0.011	0.9962
0.0105	0.9964
0.0078	0.9968
0.0049	0.9975
0.0081	0.9967
0.0103	0.9961
0.0077	0.9967
0.0097	0.9962
0.0088	0.997
0.0089	0.9971
0.0089	0.9964
0.0066	0.9971
0.008	0.9969
0.0046	0.9975
0.0062	0.9973
0.0074	0.9976
0.012	0.9965
0.0067	0.9976
0.0077	0.9967
0.0094	0.9969
0.0094	0.9966
0.0082	0.997
0.0077	0.9974
0.0095	0.9964
0.0073	0.997
0.0064	0.9973
0.0064	0.9974
0.0121	0.9959
0.0161	0.9958
0.0116	0.9964
0.0089	0.9969
0.008	0.9971
0.0068	0.9972
0.0087	0.9968
0.0067	0.9975
0.0089	0.9973
0.0086	0.9972
0.0073	0.9976
0.0069	0.9977
0.0071	0.9976
0.0088	0.9974
0.0099	0.9968
0.007	0.9973
0.0099	0.9966
0.0081	0.9972
0.0082	0.9971
0.0079	0.997
0.0065	0.9974
0.0051	0.9978
0.0053	0.9976
0.0091	0.9971
0.0143	0.9956
0.0069	0.9973
0.0087	0.9972
0.0093	0.9972
0.009	0.9971
0.0108	0.9965
0.0087	0.9969
0.0058	0.9979
0.009	0.9971
0.0068	0.9973
0.0094	0.997
0.0067	0.9976
0.0079	0.9973
0.0053	0.9976
0.0078	0.9971
0.0124	0.9963
0.008	0.9972
0.0061	0.9978
0.0073	0.9973
0.0066	0.9974
0.0109	0.9963
0.0067	0.9971
0.0058	0.9977
0.0071	0.9971
0.0055	0.9974
0.0052	0.9975
0.006	0.9977
0.0063	0.9975
0.0054	0.9977
0.0068	0.9975
0.0098	0.9971
0.011	0.9964
0.0102	0.9968
0.0089	0.997
0.0081	0.9977
0.0075	0.9973
0.0096	0.9966
0.0053	0.9976
0.0057	0.9976
0.0105	0.9967
0.0104	0.9963
0.0095	0.9968
0.0074	0.9976
0.0085	0.9974
0.0061	0.9977
0.0065	0.9976
0.008	0.997
0.0055	0.9979
0.01	0.9965
0.0086	0.9969
0.0084	0.9973
0.012	0.9965
0.0093	0.997
0.006	0.9975
0.0078	0.9972
0.0075	0.9971
0.0051	0.9977
0.006	0.9976
0.0125	0.9962
0.0079	0.9969
0.0069	0.997
0.0112	0.9967
0.0076	0.9974
0.0088	0.9972
0.0084	0.9968
0.009	0.9971
0.0077	0.9974
0.0062	0.9973
0.0072	0.9973
0.0067	0.9977
0.0077	0.9972
0.0089	0.9969
0.0118	0.9966
0.0076	0.9972
0.0075	0.9973
0.0077	0.9971
0.0047	0.998
0.0065	0.9976
0.0091	0.9969
0.0129	0.996
0.0102	0.9969
0.0074	0.9974
0.0051	0.9977
0.0077	0.9971
0.006	0.9976
0.0091	0.9968
0.0057	0.9975
0.0039	0.9978
0.0048	0.9977
0.0058	0.9977
0.0059	0.9975
0.0054	0.9977
0.0076	0.9974
0.011	0.9964